1 0.4303 high speed
1 0.4396 high speed
1 0.3943 high speed
1 0.3666 high speed
1 0.4196 high speed
1 0.4445 high speed
1 0.4112 high speed
1 0.44 high speed
1 0.4671 high speed
0 0.3719 high speed
1 0.4515 high speed
1 0.4401 high speed
1 0.4252 high speed
1 0.4034 high speed
1 0.4487 high speed
1 0.4113 high speed
1 0.4199 high speed
1 0.3696 high speed
1 0.4612 high speed
1 0.4377 high speed
1 0.3452 high speed
1 0.4362 high speed
1 0.3544 high speed
1 0.3967 high speed
1 0.4329 high speed
1 0.3719 high speed
1 0.4068 high speed
1 0.4326 high speed
1 0.4931 high speed
1 0.479 high speed
1 0.4821 high speed
1 0.3629 high speed
1 0.4196 high speed
1 0.4458 high speed
1 0.3455 high speed
1 0.3334 high speed
1 0.3511 high speed
1 0.4862 high speed
1 0.3963 high speed
1 0.4395 high speed
1 0.3744 high speed
1 0.5656 high speed
1 0.3897 high speed
1 0.4141 high speed
1 0.3492 high speed
1 0.5759 high speed
1 0.4505 high speed
1 0.3926 high speed
1 0.3999 high speed
1 0.4521 high speed
1 0.3734 high speed
1 0.3545 high speed
1 0.4707 high speed
1 0.4267 high speed
1 0.5241 high speed
1 0.4542 high speed
1 0.3561 high speed
1 0.3991 high speed
1 0.4329 high speed
1 0.3603 high speed
1 0.4062 high speed
1 0.4086 high speed
1 0.3624 high speed
1 0.3778 high speed
1 0.3438 high speed
1 0.3752 high speed
1 0.65 high speed
1 0.5055 high speed
1 0.3366 high speed
1 0.4901 high speed
1 0.4514 high speed
1 0.4115 high speed
1 0.4131 high speed
1 0.4318 high speed
1 0.3408 high speed
1 0.3792 high speed
1 0.5358 high speed
1 0.4266 high speed
1 0.4306 high speed
1 0.4074 high speed
1 0.3647 high speed
1 0.385 high speed
1 0.4328 high speed
1 0.3657 high speed
1 0.3919 high speed
1 0.3939 high speed
1 0.39 high speed
1 0.3743 high speed
1 0.39 high speed
1 0.6275 high speed
1 0.3777 high speed
1 0.4194 high speed
1 0.4677 high speed
1 0.4136 high speed
1 0.5439 high speed
1 0.4322 high speed
1 0.4499 high speed
1 0.4707 high speed
1 0.4696 high speed
1 0.3056 high speed
1 0.4041 high speed
1 0.8229 high speed
1 0.3589 high speed
1 0.3281 high speed
0 0.4319 high speed
1 0.521 high speed
1 0.404 high speed
1 0.3369 high speed
1 0.44 high speed
1 0.6736 high speed
1 0.4299 high speed
1 0.4444 high speed
1 0.3922 high speed
0 0.4244 high speed
1 0.4046 high speed
1 0.4329 high speed
1 0.4033 high speed
1 0.4189 high speed
1 0.3658 high speed
1 0.3365 high speed
1 0.4013 high speed
1 0.3714 high speed
1 0.4077 high speed
1 0.4827 high speed
1 0.5582 high speed
1 0.4004 high speed
1 0.5105 high speed
1 0.5487 high speed
1 0.3862 high speed
1 0.3489 high speed
1 0.4354 high speed
1 0.4311 high speed
1 0.3317 high speed
1 0.4493 high speed
1 0.427 high speed
1 0.3443 high speed
1 0.3851 high speed
1 0.4002 high speed
1 0.4468 high speed
1 0.3859 high speed
1 0.4963 high speed
1 0.4374 high speed
1 0.387 high speed
1 0.402 high speed
1 0.4121 high speed
1 0.4089 high speed
1 0.4405 high speed
1 0.4218 high speed
1 0.4555 high speed
1 0.3746 high speed
1 0.4024 high speed
1 0.48 high speed
1 0.7265 high speed
1 0.3677 high speed
1 0.3314 high speed
1 0.4784 high speed
1 0.4146 high speed
1 0.4093 high speed
1 0.4243 high speed
1 0.3325 high speed
1 0.3695 high speed
1 0.3321 high speed
1 0.4493 high speed
1 0.4535 high speed
1 0.5201 high speed
1 0.4003 high speed
1 0.4235 high speed
1 0.3502 high speed
1 0.4252 high speed
1 0.3512 high speed
0 0.456 high speed
1 0.532 high speed
1 0.4076 high speed
1 0.4061 high speed
1 0.3752 high speed
1 0.4437 high speed
1 0.4223 high speed
1 0.4604 high speed
1 0.4054 high speed
1 0.3829 high speed
1 0.3883 high speed
1 0.4419 high speed
1 0.408 high speed
1 0.3807 high speed
1 0.5352 high speed
1 0.56 high speed
1 0.4499 high speed
1 0.428 high speed
1 0.4736 high speed
1 0.4979 high speed
1 0.3789 high speed
1 0.4043 high speed
1 0.4387 high speed
1 0.4559 high speed
1 0.4188 high speed
1 0.3648 high speed
1 0.4182 high speed
1 0.4817 high speed
1 0.4492 high speed
1 0.3769 high speed
1 0.4063 high speed
1 0.4089 high speed
1 0.4206 high speed
1 0.4089 high speed
1 0.3654 high speed
1 0.3566 high speed
1 0.34 high speed
1 0.3711 high speed
1 0.3659 high speed
1 0.3893 high speed
1 0.3783 high speed
1 0.4374 high speed
1 0.4512 high speed
1 0.5365 high speed
1 0.4774 high speed
1 0.3713 high speed
1 0.4339 high speed
1 0.346 high speed
1 0.374 high speed
1 0.4046 high speed
1 0.3897 high speed
1 0.5046 high speed
1 0.3808 high speed
1 0.3386 high speed
1 0.3994 high speed
1 0.4235 high speed
1 0.468 high speed
1 0.4677 high speed
1 0.4801 high speed
1 0.609 high speed
1 0.3476 high speed
1 0.3702 high speed
1 0.3845 high speed
1 0.4349 high speed
1 0.3384 high speed
1 0.4588 high speed
1 0.3509 high speed
1 0.5629 high speed
1 0.4749 high speed
1 0.3743 high speed
1 0.3931 high speed
1 0.3753 high speed
1 0.4288 high speed
1 0.4668 high speed
1 0.3253 high speed
1 0.3989 high speed
1 0.5313 high speed
1 0.36 high speed
1 0.4237 high speed
1 0.4359 high speed
1 0.7476 low speed
1 0.5514 low speed
1 0.454 low speed
1 0.4039 low speed
1 0.4638 low speed
1 0.3248 low speed
1 0.3975 low speed
1 0.422 low speed
1 0.4646 low speed
1 0.3904 low speed
1 0.4262 low speed
1 0.3467 low speed
1 0.5297 low speed
1 0.4401 low speed
1 0.6039 low speed
1 0.3918 low speed
1 0.5468 low speed
1 0.4554 low speed
1 0.428 low speed
1 0.4254 low speed
1 0.381 low speed
1 0.4721 low speed
1 0.3916 low speed
1 0.3372 low speed
1 0.5361 low speed
1 0.4058 low speed
1 0.4508 low speed
1 0.4903 low speed
1 0.4066 low speed
1 0.4035 low speed
1 0.4063 low speed
1 0.4011 low speed
1 0.4171 low speed
1 0.4857 low speed
1 0.5868 low speed
1 0.4674 low speed
1 0.5735 low speed
1 0.3832 low speed
1 0.4233 low speed
1 0.484 low speed
1 0.4664 low speed
1 0.3847 low speed
1 0.3353 low speed
1 0.4668 low speed
0 0.3391 low speed
1 0.4888 low speed
1 0.5723 low speed
1 0.4231 low speed
1 0.4852 low speed
1 0.5717 low speed
1 0.485 low speed
1 0.3554 low speed
1 0.4571 low speed
1 0.4175 low speed
1 0.4191 low speed
1 0.4829 low speed
1 0.4328 low speed
1 0.3873 low speed
1 0.4339 low speed
1 0.4329 low speed
1 0.3913 low speed
1 0.4734 low speed
1 0.368 low speed
1 0.4817 low speed
1 0.4121 low speed
0 0.4142 low speed
1 0.5724 low speed
1 0.4635 low speed
0 0.3909 low speed
1 0.5287 low speed
1 0.3969 low speed
1 0.4406 low speed
1 0.4873 low speed
1 0.5559 low speed
1 0.4339 low speed
1 0.3989 low speed
1 0.4254 low speed
1 0.3727 low speed
1 0.5248 low speed
1 0.5065 low speed
1 0.3092 low speed
1 0.3434 low speed
1 0.9117 low speed
1 0.3993 low speed
1 0.389 low speed
1 0.4407 low speed
1 0.4105 low speed
1 0.4298 low speed
1 0.4338 low speed
1 0.4114 low speed
0 0.4095 low speed
1 0.41 low speed
1 0.4012 low speed
1 0.6253 low speed
1 0.5422 low speed
1 0.456 low speed
1 0.4524 low speed
1 0.4155 low speed
1 0.4141 low speed
1 0.3303 low speed
0 0.4044 low speed
1 0.4073 low speed
1 0.5056 low speed
1 0.5012 low speed
1 0.374 low speed
1 0.6231 low speed
1 0.4046 low speed
1 0.4494 low speed
1 0.445 low speed
1 0.4952 low speed
1 0.5481 low speed
1 0.4515 low speed
1 0.4335 low speed
1 0.3552 low speed
1 0.3998 low speed
1 0.4498 low speed
1 0.3915 low speed
1 0.6292 low speed
1 0.4169 low speed
0 0.5631 low speed
1 0.438 low speed
1 0.5498 low speed
1 0.4113 low speed
1 0.4553 low speed
1 0.4925 low speed
1 0.4028 low speed
1 0.4004 low speed
1 0.4429 low speed
1 0.4214 low speed
1 0.5457 low speed
1 0.4303 low speed
1 0.6348 low speed
1 0.3244 low speed
1 0.3339 low speed
0 0.3811 low speed
1 0.4044 low speed
0 0.3972 low speed
1 0.5898 low speed
0 0.5573 low speed
1 0.4592 low speed
1 0.3897 low speed
1 0.4325 low speed
1 0.3648 low speed
1 0.436 low speed
1 0.4314 low speed
1 0.4377 low speed
1 0.702 low speed
1 0.4453 low speed
1 0.488 low speed
0 0.3396 low speed
1 0.4346 low speed
1 0.4294 low speed
1 0.5724 low speed
1 0.4444 low speed
1 0.5112 low speed
1 0.5556 low speed
1 0.417 low speed
1 0.4307 low speed
1 0.3983 low speed
1 0.3827 low speed
1 0.3409 low speed
1 0.4431 low speed
1 0.3751 low speed
1 0.3631 low speed
1 0.3838 low speed
1 0.3571 low speed
1 0.585 low speed
1 0.4128 low speed
1 0.6454 low speed
1 0.3548 low speed
0 0.4796 low speed
1 0.4284 low speed
1 0.3845 low speed
1 0.4856 low speed
1 0.4253 low speed
1 0.3938 low speed
1 0.394 low speed
1 0.301 low speed
1 0.4272 low speed
1 0.486 low speed
1 0.4747 low speed
1 0.4257 low speed
1 0.3402 low speed
1 0.5991 low speed
1 0.4153 low speed
1 0.3698 low speed
1 0.407 low speed
1 0.4013 low speed
1 0.3309 low speed
1 0.4013 low speed
1 0.4273 low speed
1 0.4261 low speed
0 0.3749 low speed
1 0.5822 low speed
1 0.3582 low speed
1 0.4085 low speed
1 0.5159 low speed
1 0.4904 low speed
1 0.4166 low speed
1 0.4255 low speed
1 0.3814 low speed
1 0.4659 low speed
1 0.433 low speed
1 0.4195 low speed
1 0.3586 low speed
1 0.4744 low speed
1 0.4352 low speed
1 0.4837 low speed
1 0.6715 low speed
1 0.34 low speed
1 0.3561 low speed
1 0.3103 low speed
1 0.3858 low speed
1 0.5862 low speed
1 0.6076 low speed
1 0.3775 low speed
1 0.5093 low speed
1 0.4043 low speed
1 0.429 low speed
1 0.3391 low speed
1 0.3847 low speed
1 0.454 low speed
1 0.4026 low speed
1 0.3474 low speed
1 0.3869 low speed
1 0.3518 low speed
1 0.3928 low speed
1 0.4232 low speed
1 0.4554 low speed
1 0.4388 low speed
1 0.4425 low speed
0 0.3812 low speed
1 0.3538 low speed
1 0.3799 low speed
1 0.3659 low speed
1 0.6652 low speed
1 0.358 low speed
1 0.4415 low speed
1 0.3589 low speed
1 0.343 low speed
1 0.4637 low speed
1 0.4676 low speed
1 0.4444 low speed
1 0.5201 low speed
1 0.4149 low speed
1 0.3906 low speed
1 0.4444 low speed
1 0.4437 low speed
1 0.3993 low speed
1 0.565 low speed
1 0.6601 vlow speed
1 0.5599 vlow speed
1 0.3988 vlow speed
0 0.4583 vlow speed
1 0.4038 vlow speed
0 0.5048 vlow speed
1 0.5659 vlow speed
1 0.5353 vlow speed
1 0.4219 vlow speed
1 0.3701 vlow speed
1 0.4423 vlow speed
1 0.3883 vlow speed
1 0.3812 vlow speed
1 0.4233 vlow speed
0 0.5832 vlow speed
1 0.3563 vlow speed
1 0.6578 vlow speed
0 0.4083 vlow speed
1 0.6288 vlow speed
1 0.4413 vlow speed
1 0.3912 vlow speed
1 0.5201 vlow speed
0 0.3821 vlow speed
1 0.4623 vlow speed
1 0.434 vlow speed
1 0.3473 vlow speed
1 0.4602 vlow speed
1 0.4285 vlow speed
0 0.3914 vlow speed
1 0.5747 vlow speed
1 0.5432 vlow speed
1 0.3647 vlow speed
1 0.6627 vlow speed
1 0.4191 vlow speed
1 0.7543 vlow speed
1 0.4731 vlow speed
0 0.3718 vlow speed
1 0.4736 vlow speed
1 0.7574 vlow speed
1 0.4148 vlow speed
1 0.429 vlow speed
1 0.5181 vlow speed
0 0.3894 vlow speed
1 0.5156 vlow speed
1 0.3389 vlow speed
1 0.6203 vlow speed
1 0.401 vlow speed
1 0.4265 vlow speed
1 0.6326 vlow speed
1 0.4323 vlow speed
1 0.6413 vlow speed
1 0.467 vlow speed
1 0.642 vlow speed
1 0.5009 vlow speed
1 0.6069 vlow speed
1 0.8254 vlow speed
1 0.4489 vlow speed
1 0.5872 vlow speed
1 0.3949 vlow speed
1 0.4913 vlow speed
1 0.4581 vlow speed
1 0.5051 vlow speed
0 0.4167 vlow speed
0 0.3874 vlow speed
0 0.467 vlow speed
1 0.3681 vlow speed
1 0.3608 vlow speed
1 0.4262 vlow speed
1 0.3447 vlow speed
1 0.4896 vlow speed
0 0.4484 vlow speed
1 0.7449 vlow speed
1 0.6494 vlow speed
0 0.4542 vlow speed
1 0.53 vlow speed
1 0.3982 vlow speed
1 0.4014 vlow speed
1 0.5924 vlow speed
0 0.5851 vlow speed
1 0.3995 vlow speed
1 0.3894 vlow speed
0 0.6635 vlow speed
0 0.6565 vlow speed
1 0.3964 vlow speed
0 0.6733 vlow speed
1 0.6112 vlow speed
1 0.6413 vlow speed
1 0.6861 vlow speed
1 0.5497 vlow speed
1 0.7359 vlow speed
1 0.41 vlow speed
0 0.4114 vlow speed
1 0.7145 vlow speed
0 0.817 vlow speed
1 0.5461 vlow speed
1 0.4544 vlow speed
0 0.4244 vlow speed
1 0.562 vlow speed
1 0.5391 vlow speed
0 0.3839 vlow speed
1 0.4844 vlow speed
0 0.3954 vlow speed
1 0.4277 vlow speed
1 0.5234 vlow speed
1 0.3478 vlow speed
0 0.5077 vlow speed
0 0.4226 vlow speed
1 0.5461 vlow speed
0 0.4061 vlow speed
1 0.4867 vlow speed
1 0.6179 vlow speed
1 0.3869 vlow speed
1 0.4148 vlow speed
0 0.4272 vlow speed
1 0.6929 vlow speed
0 0.4478 vlow speed
1 0.351 vlow speed
1 0.4148 vlow speed
1 0.5486 vlow speed
1 0.4439 vlow speed
1 0.3629 vlow speed
1 0.4951 vlow speed
0 0.4857 vlow speed
1 0.3962 vlow speed
1 0.5251 vlow speed
1 0.3506 vlow speed
1 0.5779 vlow speed
1 0.402 vlow speed
1 0.5077 vlow speed
1 0.6206 vlow speed
1 0.5728 vlow speed
0 0.5885 vlow speed
1 0.4264 vlow speed
1 0.4 vlow speed
0 0.3863 vlow speed
1 0.4406 vlow speed
1 0.6935 vlow speed
0 0.5115 vlow speed
1 0.4382 vlow speed
0 0.4559 vlow speed
0 1.0762 vlow speed
1 0.5488 vlow speed
0 0.3552 vlow speed
1 0.3733 vlow speed
1 0.4129 vlow speed
1 0.8528 vlow speed
1 0.5287 vlow speed
1 0.4613 vlow speed
1 0.5353 vlow speed
1 0.4838 vlow speed
1 0.4836 vlow speed
1 0.377 vlow speed
0 0.3761 vlow speed
1 0.391 vlow speed
1 0.3631 vlow speed
1 0.4801 vlow speed
1 0.4736 vlow speed
1 0.4867 vlow speed
1 0.4379 vlow speed
0 1.1503 vlow speed
1 0.4572 vlow speed
1 0.6031 vlow speed
0 0.5603 vlow speed
1 0.4581 vlow speed
1 0.8633 vlow speed
1 0.4423 vlow speed
1 0.4784 vlow speed
1 0.8502 vlow speed
1 0.5631 vlow speed
1 0.4307 vlow speed
1 0.5506 vlow speed
1 0.5149 vlow speed
1 0.5202 vlow speed
1 0.4406 vlow speed
1 0.471 vlow speed
1 0.435 vlow speed
1 0.4234 vlow speed
1 0.4513 vlow speed
1 0.3905 vlow speed
0 0.4382 vlow speed
0 0.4445 vlow speed
1 0.4473 vlow speed
1 0.3686 vlow speed
1 0.3554 vlow speed
0 0.4121 vlow speed
1 0.418 vlow speed
1 0.5798 vlow speed
1 0.3447 vlow speed
1 0.537 vlow speed
1 0.4631 vlow speed
1 0.4906 vlow speed
1 0.4257 vlow speed
0 0.517 vlow speed
1 0.5863 vlow speed
1 0.6253 vlow speed
1 0.435 vlow speed
1 0.6053 vlow speed
1 0.3931 vlow speed
1 0.4152 vlow speed
1 0.4043 vlow speed
1 0.3513 vlow speed
0 0.4824 vlow speed
1 0.4138 vlow speed
1 0.4067 vlow speed
1 0.5208 vlow speed
1 0.5252 vlow speed
1 0.5454 vlow speed
1 0.4472 vlow speed
0 0.4147 vlow speed
0 0.3844 vlow speed
1 0.4883 vlow speed
0 0.3436 vlow speed
1 0.4982 vlow speed
1 0.4132 vlow speed
1 0.3941 vlow speed
1 0.4314 vlow speed
1 0.5393 vlow speed
1 0.4295 vlow speed
1 0.4436 vlow speed
1 0.5081 vlow speed
1 0.3546 vlow speed
0 0.8258 vlow speed
1 0.477 vlow speed
0 0.3673 vlow speed
0 0.7887 vlow speed
0 0.4051 vlow speed
1 0.5095 vlow speed
1 0.4987 vlow speed
1 0.5253 vlow speed
1 0.4285 vlow speed
0 0.4171 vlow speed
0 0.413 vlow speed
1 0.547 vlow speed
1 0.3733 vlow speed
1 0.3591 vlow speed
1 0.4347 vlow speed
0 0.5235 vlow speed
1 0.3865 vlow speed
0 0.884 vlow speed
0 0.3221 vlow speed
1 0.5247 vlow speed
1 0.4602 vlow speed
1 0.3954 vlow speed
1 0.4691 vlow speed
1 0.4766 vlow speed
1 0.5775 vlow speed
1 0.4746 vlow speed
1 0.5112 vlow speed
1 0.4777 vlow speed
1 0.5365 vlow speed
0 0.4752 nonword speed
0 0.3809 nonword speed
1 0.3936 nonword speed
1 0.5059 nonword speed
1 0.3965 nonword speed
1 0.4928 nonword speed
1 0.4579 nonword speed
1 0.4288 nonword speed
1 0.5531 nonword speed
0 0.3809 nonword speed
1 0.4037 nonword speed
1 0.7063 nonword speed
1 0.5775 nonword speed
0 0.5026 nonword speed
0 0.543 nonword speed
1 0.474 nonword speed
1 0.9317 nonword speed
0 0.4058 nonword speed
1 0.5156 nonword speed
1 0.4022 nonword speed
1 0.4566 nonword speed
1 0.6354 nonword speed
1 0.6141 nonword speed
1 0.6033 nonword speed
1 0.457 nonword speed
1 0.3861 nonword speed
1 0.5636 nonword speed
1 0.4385 nonword speed
1 0.3787 nonword speed
1 0.3962 nonword speed
1 0.4478 nonword speed
0 0.5029 nonword speed
1 0.4671 nonword speed
1 0.4913 nonword speed
1 0.4508 nonword speed
0 0.4554 nonword speed
1 0.3805 nonword speed
0 0.4766 nonword speed
1 0.442 nonword speed
1 0.3921 nonword speed
1 0.4108 nonword speed
0 0.547 nonword speed
0 0.4476 nonword speed
1 0.6007 nonword speed
0 0.3737 nonword speed
0 0.4246 nonword speed
0 0.6343 nonword speed
1 0.4587 nonword speed
1 0.6315 nonword speed
0 0.4464 nonword speed
0 0.3715 nonword speed
0 0.4313 nonword speed
1 0.5456 nonword speed
1 0.451 nonword speed
1 0.4437 nonword speed
1 0.6198 nonword speed
0 0.4402 nonword speed
0 0.4466 nonword speed
1 0.4617 nonword speed
1 0.3785 nonword speed
0 0.5987 nonword speed
1 0.4028 nonword speed
1 0.4381 nonword speed
0 0.3997 nonword speed
0 0.4187 nonword speed
1 0.5434 nonword speed
0 0.4516 nonword speed
1 0.3935 nonword speed
0 0.7276 nonword speed
0 0.5402 nonword speed
1 0.4553 nonword speed
0 0.4293 nonword speed
0 0.348 nonword speed
0 0.4736 nonword speed
1 0.3901 nonword speed
1 0.3166 nonword speed
0 0.5511 nonword speed
0 0.4273 nonword speed
0 0.9912 nonword speed
0 0.6745 nonword speed
0 0.3403 nonword speed
1 0.5562 nonword speed
0 1.2005 nonword speed
1 0.3967 nonword speed
0 0.387 nonword speed
1 0.471 nonword speed
1 0.5163 nonword speed
1 0.3684 nonword speed
1 0.4425 nonword speed
1 0.4911 nonword speed
1 0.4329 nonword speed
1 0.3739 nonword speed
1 0.4552 nonword speed
0 0.8014 nonword speed
0 0.4614 nonword speed
1 0.4523 nonword speed
1 0.4775 nonword speed
1 0.6341 nonword speed
1 0.3759 nonword speed
1 0.4901 nonword speed
1 0.4513 nonword speed
1 0.4697 nonword speed
0 0.5924 nonword speed
1 0.6764 nonword speed
0 0.4382 nonword speed
1 0.5992 nonword speed
1 0.416 nonword speed
1 0.6014 nonword speed
0 0.3927 nonword speed
1 0.5141 nonword speed
0 0.4498 nonword speed
0 0.4685 nonword speed
1 0.4091 nonword speed
1 0.5465 nonword speed
1 0.3857 nonword speed
1 0.5278 nonword speed
0 0.4166 nonword speed
1 0.4694 nonword speed
1 0.786 nonword speed
1 0.648 nonword speed
1 0.4574 nonword speed
1 0.4948 nonword speed
1 0.5726 nonword speed
0 0.3804 nonword speed
1 0.6493 nonword speed
0 0.3762 nonword speed
0 0.4666 nonword speed
0 0.4101 nonword speed
1 0.4693 nonword speed
1 0.6299 nonword speed
1 0.8337 nonword speed
1 0.6757 nonword speed
0 0.7154 nonword speed
1 0.4552 nonword speed
1 0.3667 nonword speed
1 0.604 nonword speed
0 0.6512 nonword speed
1 0.3693 nonword speed
1 0.4831 nonword speed
1 0.4488 nonword speed
0 0.3818 nonword speed
1 0.7147 nonword speed
0 0.568 nonword speed
0 0.6338 nonword speed
1 0.462 nonword speed
1 0.4296 nonword speed
1 0.4431 nonword speed
1 0.62 nonword speed
0 0.815 nonword speed
0 0.3799 nonword speed
1 0.6495 nonword speed
1 0.3805 nonword speed
1 0.5472 nonword speed
0 0.6505 nonword speed
1 0.4169 nonword speed
0 0.7118 nonword speed
1 0.9598 nonword speed
1 0.5128 nonword speed
1 0.4396 nonword speed
1 0.4042 nonword speed
0 0.4046 nonword speed
1 0.4778 nonword speed
1 0.4303 nonword speed
1 0.4895 nonword speed
0 1.0195 nonword speed
1 0.3478 nonword speed
1 0.4143 nonword speed
0 0.4059 nonword speed
1 0.3832 nonword speed
0 0.4231 nonword speed
0 0.8169 nonword speed
1 0.5886 nonword speed
1 0.5769 nonword speed
0 0.4077 nonword speed
1 0.4318 nonword speed
1 0.4381 nonword speed
1 0.4079 nonword speed
1 0.5381 nonword speed
1 0.4809 nonword speed
1 0.4298 nonword speed
0 0.3496 nonword speed
1 0.4381 nonword speed
0 0.3957 nonword speed
1 0.3724 nonword speed
0 0.6667 nonword speed
1 0.6291 nonword speed
0 0.4947 nonword speed
0 0.4433 nonword speed
1 0.377 nonword speed
1 0.5581 nonword speed
0 0.5857 nonword speed
1 0.3737 nonword speed
1 0.3666 nonword speed
1 0.3573 nonword speed
1 0.7281 nonword speed
1 0.4758 nonword speed
1 0.6073 nonword speed
1 0.4291 nonword speed
1 0.42 nonword speed
1 0.5799 nonword speed
0 0.4919 nonword speed
1 0.5538 nonword speed
1 0.5032 nonword speed
1 0.6703 nonword speed
1 0.3358 nonword speed
0 0.4589 nonword speed
1 0.4895 nonword speed
1 0.6058 nonword speed
1 0.4563 nonword speed
0 0.3431 nonword speed
1 0.4214 nonword speed
0 0.405 nonword speed
1 0.4283 nonword speed
1 0.5022 nonword speed
0 0.4709 nonword speed
1 0.4169 nonword speed
0 0.5556 nonword speed
1 0.3785 nonword speed
1 0.4813 nonword speed
1 0.5935 nonword speed
0 0.4686 nonword speed
1 0.494 nonword speed
1 0.7191 nonword speed
0 0.546 nonword speed
1 0.6047 nonword speed
1 0.4439 nonword speed
1 0.4068 nonword speed
1 0.4809 nonword speed
1 0.3922 nonword speed
1 0.6732 nonword speed
1 0.3908 nonword speed
1 0.3752 nonword speed
1 0.4269 nonword speed
0 0.5078 nonword speed
0 0.5577 nonword speed
1 0.554 nonword speed
1 0.431 nonword speed
1 0.3413 nonword speed
0 0.4005 nonword speed
0 0.4084 nonword speed
1 0.387 nonword speed
1 0.5941 nonword speed
1 0.4343 nonword speed
1 0.422 nonword speed
0 0.399 nonword speed
1 0.3778 nonword speed
1 0.437 nonword speed
1 0.4174 nonword speed
1 0.5661 nonword speed
1 0.4003 nonword speed
1 0.6138 high accuracy
1 0.5819 high accuracy
1 0.6718 high accuracy
1 0.6162 high accuracy
1 0.4495 high accuracy
1 0.5747 high accuracy
1 0.5214 high accuracy
1 0.4094 high accuracy
1 0.6086 high accuracy
1 0.5557 high accuracy
1 0.4312 high accuracy
1 0.53 high accuracy
1 0.6508 high accuracy
1 0.4618 high accuracy
1 0.5273 high accuracy
1 0.6922 high accuracy
1 0.5742 high accuracy
1 0.4532 high accuracy
1 0.4305 high accuracy
1 0.6415 high accuracy
1 0.5166 high accuracy
1 0.4952 high accuracy
1 0.5195 high accuracy
1 0.4592 high accuracy
1 0.4431 high accuracy
1 0.4405 high accuracy
1 0.4574 high accuracy
1 0.4132 high accuracy
1 0.5655 high accuracy
1 0.5688 high accuracy
1 0.4399 high accuracy
1 0.4278 high accuracy
1 0.6174 high accuracy
1 0.5154 high accuracy
1 0.6022 high accuracy
1 0.5062 high accuracy
1 0.6739 high accuracy
1 0.5789 high accuracy
1 0.6329 high accuracy
1 0.4239 high accuracy
1 0.5623 high accuracy
1 0.4966 high accuracy
1 0.4293 high accuracy
1 0.4381 high accuracy
1 0.4946 high accuracy
1 0.5079 high accuracy
1 0.5253 high accuracy
1 0.4401 high accuracy
1 0.5417 high accuracy
1 0.628 high accuracy
1 0.4562 high accuracy
1 0.5706 high accuracy
1 0.6195 high accuracy
1 0.3738 high accuracy
1 0.4639 high accuracy
1 0.449 high accuracy
1 0.449 high accuracy
1 0.6017 high accuracy
1 0.5445 high accuracy
1 0.5192 high accuracy
1 0.444 high accuracy
1 0.5356 high accuracy
1 0.4937 high accuracy
1 0.4763 high accuracy
1 0.4903 high accuracy
1 0.4678 high accuracy
1 0.6207 high accuracy
1 0.461 high accuracy
1 0.467 high accuracy
1 0.4188 high accuracy
1 0.6165 high accuracy
1 0.5973 high accuracy
1 0.4695 high accuracy
1 0.4772 high accuracy
1 0.5361 high accuracy
1 0.4678 high accuracy
1 0.4847 high accuracy
1 0.4375 high accuracy
1 0.5965 high accuracy
1 0.4593 high accuracy
1 0.4915 high accuracy
1 0.55 high accuracy
1 0.5028 high accuracy
1 0.5307 high accuracy
1 0.4782 high accuracy
1 0.4899 high accuracy
1 0.4841 high accuracy
1 0.5465 high accuracy
1 0.4902 high accuracy
1 0.6193 high accuracy
1 0.5466 high accuracy
1 0.5253 high accuracy
1 0.7576 high accuracy
1 0.4517 high accuracy
1 0.5098 high accuracy
1 0.5181 high accuracy
1 0.4954 high accuracy
1 0.5299 high accuracy
1 0.4901 high accuracy
1 0.5525 high accuracy
1 0.5815 high accuracy
1 0.4865 high accuracy
1 0.5004 high accuracy
1 0.4348 high accuracy
1 0.5226 high accuracy
1 0.4325 high accuracy
1 1.0781 high accuracy
1 0.5579 high accuracy
1 0.5129 high accuracy
1 0.4148 high accuracy
1 0.4597 high accuracy
1 0.7626 high accuracy
1 0.4008 high accuracy
1 0.6424 high accuracy
1 0.6356 high accuracy
1 0.4296 high accuracy
1 0.4749 high accuracy
1 0.4893 high accuracy
1 0.5147 high accuracy
1 0.4623 high accuracy
1 0.5087 high accuracy
1 0.621 high accuracy
1 0.4463 high accuracy
1 0.7097 high accuracy
1 0.5864 high accuracy
1 0.5623 high accuracy
1 0.5315 high accuracy
1 0.4404 high accuracy
1 0.4263 high accuracy
1 0.5816 high accuracy
1 0.5015 high accuracy
1 0.6509 high accuracy
1 0.5036 high accuracy
1 0.8458 high accuracy
1 0.5669 high accuracy
1 0.5781 high accuracy
1 0.545 high accuracy
1 0.4505 high accuracy
1 0.4352 high accuracy
1 0.6071 high accuracy
1 0.5819 high accuracy
1 0.5289 high accuracy
1 0.5416 high accuracy
1 0.4403 high accuracy
1 0.6061 high accuracy
1 0.4486 high accuracy
1 0.5305 high accuracy
1 0.4117 high accuracy
1 0.454 high accuracy
1 0.6247 high accuracy
1 0.5789 high accuracy
1 0.6254 high accuracy
1 0.4325 high accuracy
1 0.5924 high accuracy
1 0.4873 high accuracy
1 0.497 high accuracy
1 0.6311 high accuracy
1 0.5736 high accuracy
1 0.5213 high accuracy
1 0.4106 high accuracy
1 0.5437 high accuracy
1 0.5933 high accuracy
1 0.4639 high accuracy
1 0.5102 high accuracy
1 0.514 high accuracy
1 0.4823 high accuracy
1 0.4971 high accuracy
1 0.4743 high accuracy
1 0.6728 high accuracy
1 0.4333 high accuracy
1 0.5373 high accuracy
1 0.5299 high accuracy
1 0.5248 high accuracy
1 0.6964 high accuracy
1 0.5941 high accuracy
1 0.5815 high accuracy
1 0.4032 high accuracy
1 0.4157 high accuracy
1 0.488 high accuracy
1 0.4187 high accuracy
1 0.5028 high accuracy
1 0.5088 high accuracy
1 0.5218 high accuracy
1 0.5517 high accuracy
1 0.58 high accuracy
1 0.5059 high accuracy
1 0.4071 high accuracy
1 0.5996 high accuracy
1 0.6558 high accuracy
1 0.4518 high accuracy
1 0.5499 high accuracy
1 0.5035 high accuracy
1 0.3901 high accuracy
1 0.4846 high accuracy
1 0.4739 high accuracy
1 0.5081 high accuracy
1 0.5296 high accuracy
1 0.5578 high accuracy
1 0.5443 high accuracy
1 0.5284 high accuracy
1 0.4333 high accuracy
1 0.4347 high accuracy
1 0.6249 high accuracy
1 0.4801 high accuracy
1 0.4665 high accuracy
1 0.4713 high accuracy
1 0.4623 high accuracy
1 0.6157 high accuracy
1 0.5258 high accuracy
1 0.4977 high accuracy
1 0.4607 high accuracy
1 0.4287 high accuracy
1 0.4769 high accuracy
1 0.6566 high accuracy
1 0.5197 high accuracy
1 0.6602 high accuracy
1 0.4565 high accuracy
1 0.5993 high accuracy
1 0.5865 high accuracy
1 0.5054 high accuracy
1 0.4489 high accuracy
1 0.4493 high accuracy
1 0.5472 high accuracy
1 0.4016 high accuracy
1 0.4801 high accuracy
1 0.4152 high accuracy
1 0.4009 high accuracy
1 0.5389 high accuracy
1 0.5391 high accuracy
1 0.5451 high accuracy
1 0.5416 high accuracy
1 0.4643 high accuracy
1 0.4597 high accuracy
1 0.4171 high accuracy
1 0.5071 high accuracy
1 0.6261 high accuracy
1 0.5645 high accuracy
1 0.4285 high accuracy
1 0.4807 high accuracy
1 0.7466 high accuracy
1 0.4677 high accuracy
1 0.5493 high accuracy
1 0.4774 high accuracy
1 0.4461 high accuracy
1 0.4138 high accuracy
1 0.3962 high accuracy
1 0.4993 high accuracy
1 0.3944 high accuracy
1 0.5096 high accuracy
1 0.5414 high accuracy
1 0.5279 low accuracy
1 0.5822 low accuracy
1 0.6273 low accuracy
1 0.5319 low accuracy
1 0.6136 low accuracy
1 0.4527 low accuracy
1 0.5871 low accuracy
1 0.4108 low accuracy
1 0.4768 low accuracy
1 0.4665 low accuracy
1 0.8022 low accuracy
1 0.8346 low accuracy
1 0.5622 low accuracy
1 0.5759 low accuracy
1 0.6102 low accuracy
1 0.3972 low accuracy
1 0.4238 low accuracy
1 0.6827 low accuracy
1 0.8095 low accuracy
1 0.5183 low accuracy
1 0.6117 low accuracy
1 0.4728 low accuracy
1 0.5061 low accuracy
1 0.6139 low accuracy
1 0.7122 low accuracy
1 0.4485 low accuracy
1 0.4742 low accuracy
1 0.4169 low accuracy
1 0.5224 low accuracy
1 0.7954 low accuracy
1 0.5858 low accuracy
1 0.6225 low accuracy
1 0.4395 low accuracy
1 0.3565 low accuracy
1 0.8933 low accuracy
1 0.5699 low accuracy
1 0.4989 low accuracy
1 0.4269 low accuracy
1 0.5326 low accuracy
1 0.4007 low accuracy
1 0.5201 low accuracy
1 0.563 low accuracy
1 0.4718 low accuracy
1 1.0117 low accuracy
1 0.4347 low accuracy
1 0.5876 low accuracy
1 0.5088 low accuracy
1 0.7604 low accuracy
1 0.5592 low accuracy
1 0.4737 low accuracy
1 0.5054 low accuracy
1 0.4467 low accuracy
1 0.4311 low accuracy
1 0.8087 low accuracy
1 0.6121 low accuracy
1 0.5966 low accuracy
1 0.481 low accuracy
1 0.9087 low accuracy
1 0.4571 low accuracy
1 0.6064 low accuracy
1 0.5704 low accuracy
1 0.5542 low accuracy
1 0.4869 low accuracy
1 0.7282 low accuracy
1 0.6332 low accuracy
1 0.4872 low accuracy
1 0.4564 low accuracy
1 0.4979 low accuracy
1 0.4832 low accuracy
1 0.5347 low accuracy
1 0.3575 low accuracy
1 0.4878 low accuracy
1 0.6408 low accuracy
1 0.4807 low accuracy
1 0.5793 low accuracy
1 0.6152 low accuracy
1 0.537 low accuracy
1 0.6648 low accuracy
1 0.4963 low accuracy
1 0.5026 low accuracy
1 0.7787 low accuracy
1 0.4788 low accuracy
1 0.5845 low accuracy
1 0.7845 low accuracy
1 0.5887 low accuracy
1 0.4456 low accuracy
1 0.4644 low accuracy
1 0.5956 low accuracy
1 0.5943 low accuracy
1 0.372 low accuracy
1 0.5284 low accuracy
1 0.6296 low accuracy
1 0.4134 low accuracy
1 0.4768 low accuracy
1 0.5099 low accuracy
1 0.4748 low accuracy
1 0.4945 low accuracy
1 0.6663 low accuracy
1 0.4373 low accuracy
1 0.7777 low accuracy
1 0.4204 low accuracy
1 0.5348 low accuracy
1 0.4201 low accuracy
1 0.9185 low accuracy
1 0.6977 low accuracy
1 0.4365 low accuracy
1 0.4405 low accuracy
1 0.6254 low accuracy
1 0.3645 low accuracy
1 0.4658 low accuracy
1 1.2542 low accuracy
1 0.4514 low accuracy
0 0.5035 low accuracy
1 0.6624 low accuracy
1 0.6602 low accuracy
1 0.4335 low accuracy
1 0.4419 low accuracy
1 0.4372 low accuracy
1 0.4494 low accuracy
1 0.4792 low accuracy
1 0.5563 low accuracy
1 0.5954 low accuracy
1 0.5146 low accuracy
1 0.3974 low accuracy
1 0.9933 low accuracy
1 0.6376 low accuracy
1 0.5077 low accuracy
1 0.5998 low accuracy
1 0.904 low accuracy
1 0.5944 low accuracy
1 0.4965 low accuracy
1 0.488 low accuracy
1 1.0472 low accuracy
1 0.4721 low accuracy
1 0.4558 low accuracy
1 1.0755 low accuracy
1 0.6469 low accuracy
1 0.4725 low accuracy
1 0.4347 low accuracy
1 0.5997 low accuracy
1 0.7484 low accuracy
1 0.5282 low accuracy
1 0.6862 low accuracy
1 0.4485 low accuracy
1 0.6975 low accuracy
1 0.5117 low accuracy
1 0.4581 low accuracy
1 0.7363 low accuracy
1 0.7024 low accuracy
1 0.5844 low accuracy
1 0.4306 low accuracy
1 0.4973 low accuracy
1 0.5376 low accuracy
1 0.4984 low accuracy
1 0.4722 low accuracy
1 0.6331 low accuracy
1 0.4381 low accuracy
1 0.4648 low accuracy
1 0.4919 low accuracy
1 1.0486 low accuracy
1 0.504 low accuracy
1 0.6828 low accuracy
1 0.5349 low accuracy
1 0.4281 low accuracy
1 0.6324 low accuracy
1 0.8648 low accuracy
1 0.6995 low accuracy
1 0.6331 low accuracy
1 0.5624 low accuracy
1 0.5137 low accuracy
1 0.623 low accuracy
1 0.465 low accuracy
1 0.8432 low accuracy
1 0.6686 low accuracy
1 0.7965 low accuracy
1 1.1965 low accuracy
1 0.4403 low accuracy
1 0.4434 low accuracy
1 1.3354 low accuracy
1 0.8295 low accuracy
1 0.3854 low accuracy
1 0.3879 low accuracy
1 0.5079 low accuracy
1 0.5704 low accuracy
1 0.748 low accuracy
1 0.4127 low accuracy
1 0.4398 low accuracy
1 0.4971 low accuracy
1 0.479 low accuracy
1 0.51 low accuracy
1 0.4947 low accuracy
1 0.4197 low accuracy
1 0.6645 low accuracy
1 0.4717 low accuracy
1 0.4582 low accuracy
1 0.5394 low accuracy
1 0.641 low accuracy
1 0.5062 low accuracy
1 0.5688 low accuracy
1 0.6949 low accuracy
1 0.4592 low accuracy
1 0.4439 low accuracy
1 0.7376 low accuracy
1 0.4035 low accuracy
1 0.4892 low accuracy
1 0.4837 low accuracy
1 1.0772 low accuracy
1 0.6769 low accuracy
1 0.5951 low accuracy
1 0.3715 low accuracy
1 0.4335 low accuracy
1 0.5613 low accuracy
1 0.5337 low accuracy
1 0.5002 low accuracy
1 0.454 low accuracy
1 0.6781 low accuracy
1 0.6103 low accuracy
1 0.6192 low accuracy
1 1.0614 low accuracy
1 0.3838 low accuracy
1 0.7036 low accuracy
1 0.6471 low accuracy
1 0.5643 low accuracy
1 0.4674 low accuracy
1 0.7448 low accuracy
1 0.471 low accuracy
1 0.5513 low accuracy
1 0.462 low accuracy
1 0.5668 low accuracy
1 0.4655 low accuracy
1 0.7915 low accuracy
1 0.7318 low accuracy
1 1.5274 low accuracy
1 0.5099 low accuracy
1 0.5085 low accuracy
1 0.5409 low accuracy
1 0.7246 low accuracy
1 0.5145 low accuracy
1 0.4381 low accuracy
1 0.4247 low accuracy
1 0.5295 low accuracy
1 0.5311 low accuracy
1 0.7362 low accuracy
1 0.4249 low accuracy
1 0.5926 low accuracy
1 0.4408 low accuracy
1 0.5158 low accuracy
1 0.456 low accuracy
1 0.4736 low accuracy
1 0.5449 low accuracy
1 0.6454 vlow accuracy
1 0.8628 vlow accuracy
0 0.437 vlow accuracy
1 0.4334 vlow accuracy
1 0.5018 vlow accuracy
1 0.7179 vlow accuracy
1 1.5165 vlow accuracy
1 0.6623 vlow accuracy
1 0.6503 vlow accuracy
1 0.3955 vlow accuracy
1 1.5679 vlow accuracy
0 0.7302 vlow accuracy
1 0.5792 vlow accuracy
1 0.4579 vlow accuracy
1 0.7575 vlow accuracy
1 0.8097 vlow accuracy
1 0.4644 vlow accuracy
1 0.8347 vlow accuracy
1 0.6682 vlow accuracy
1 0.8246 vlow accuracy
1 0.4844 vlow accuracy
1 0.8566 vlow accuracy
1 0.8572 vlow accuracy
1 0.8084 vlow accuracy
1 0.5469 vlow accuracy
1 0.5067 vlow accuracy
1 2.1296 vlow accuracy
1 0.811 vlow accuracy
1 0.6835 vlow accuracy
1 0.7112 vlow accuracy
1 0.5197 vlow accuracy
0 0.773 vlow accuracy
1 0.4622 vlow accuracy
1 0.459 vlow accuracy
1 0.531 vlow accuracy
1 0.4075 vlow accuracy
1 0.5959 vlow accuracy
1 0.5059 vlow accuracy
1 0.9678 vlow accuracy
1 0.4167 vlow accuracy
1 0.474 vlow accuracy
1 0.5606 vlow accuracy
0 0.754 vlow accuracy
1 0.7253 vlow accuracy
1 0.498 vlow accuracy
1 1.2519 vlow accuracy
1 1.6041 vlow accuracy
1 0.5672 vlow accuracy
0 0.4623 vlow accuracy
1 0.9027 vlow accuracy
1 0.8626 vlow accuracy
1 0.6112 vlow accuracy
1 0.9707 vlow accuracy
1 0.8284 vlow accuracy
1 0.7698 vlow accuracy
1 0.784 vlow accuracy
1 0.5279 vlow accuracy
1 0.9829 vlow accuracy
1 0.7781 vlow accuracy
1 0.4563 vlow accuracy
1 0.6943 vlow accuracy
0 0.7405 vlow accuracy
1 0.7183 vlow accuracy
1 1.005 vlow accuracy
1 0.4823 vlow accuracy
1 1.2229 vlow accuracy
1 0.5928 vlow accuracy
1 0.416 vlow accuracy
1 0.6835 vlow accuracy
1 3.1698 vlow accuracy
0 0.5691 vlow accuracy
1 0.8565 vlow accuracy
1 0.885 vlow accuracy
1 0.495 vlow accuracy
1 0.4936 vlow accuracy
1 0.9408 vlow accuracy
1 0.4388 vlow accuracy
1 0.7867 vlow accuracy
1 1.0355 vlow accuracy
1 0.5468 vlow accuracy
1 0.6857 vlow accuracy
1 0.5688 vlow accuracy
0 1.0454 vlow accuracy
1 1.2046 vlow accuracy
1 0.7889 vlow accuracy
1 0.5597 vlow accuracy
1 0.5971 vlow accuracy
1 0.6216 vlow accuracy
0 0.4377 vlow accuracy
0 1.5803 vlow accuracy
0 1.1286 vlow accuracy
1 0.5095 vlow accuracy
1 0.6339 vlow accuracy
1 0.8457 vlow accuracy
1 0.6334 vlow accuracy
0 0.5952 vlow accuracy
1 0.4012 vlow accuracy
1 0.442 vlow accuracy
1 0.5965 vlow accuracy
1 0.9982 vlow accuracy
1 0.6257 vlow accuracy
1 0.6481 vlow accuracy
1 0.5075 vlow accuracy
1 0.8655 vlow accuracy
1 0.8382 vlow accuracy
1 0.5633 vlow accuracy
1 0.6863 vlow accuracy
1 0.789 vlow accuracy
1 0.7008 vlow accuracy
1 0.5269 vlow accuracy
1 0.8015 vlow accuracy
1 0.5789 vlow accuracy
1 1.241 vlow accuracy
1 0.7929 vlow accuracy
1 0.4724 vlow accuracy
1 0.9928 vlow accuracy
1 0.5204 vlow accuracy
1 0.8774 vlow accuracy
1 0.4088 vlow accuracy
1 1.539 vlow accuracy
0 0.9384 vlow accuracy
1 0.615 vlow accuracy
1 0.4991 vlow accuracy
1 0.5223 vlow accuracy
1 0.5046 vlow accuracy
1 0.8876 vlow accuracy
1 0.688 vlow accuracy
1 0.5646 vlow accuracy
1 0.607 vlow accuracy
1 0.5587 vlow accuracy
1 0.4594 vlow accuracy
1 0.8895 vlow accuracy
1 0.9986 vlow accuracy
1 0.5034 vlow accuracy
1 0.5635 vlow accuracy
1 0.8788 vlow accuracy
1 0.4927 vlow accuracy
1 0.6389 vlow accuracy
1 0.523 vlow accuracy
1 0.5303 vlow accuracy
1 1.2793 vlow accuracy
1 0.4679 vlow accuracy
0 1.318 vlow accuracy
1 0.5293 vlow accuracy
1 0.532 vlow accuracy
1 0.4289 vlow accuracy
1 0.6154 vlow accuracy
1 0.8924 vlow accuracy
1 0.436 vlow accuracy
1 0.4739 vlow accuracy
1 0.4296 vlow accuracy
1 1.1899 vlow accuracy
1 0.697 vlow accuracy
1 1.4202 vlow accuracy
1 0.5462 vlow accuracy
1 0.6861 vlow accuracy
1 0.7311 vlow accuracy
1 0.7494 vlow accuracy
1 0.508 vlow accuracy
1 0.539 vlow accuracy
1 0.5879 vlow accuracy
1 0.6845 vlow accuracy
1 0.7306 vlow accuracy
1 0.9983 vlow accuracy
1 0.5517 vlow accuracy
1 0.9291 vlow accuracy
1 0.6861 vlow accuracy
0 2.5551 vlow accuracy
1 0.4312 vlow accuracy
1 0.5164 vlow accuracy
1 0.5935 vlow accuracy
1 0.6293 vlow accuracy
1 0.8103 vlow accuracy
1 0.7694 vlow accuracy
1 0.5042 vlow accuracy
1 1.9929 vlow accuracy
1 0.5255 vlow accuracy
1 1.5674 vlow accuracy
1 0.5972 vlow accuracy
1 1.3017 vlow accuracy
1 0.6253 vlow accuracy
1 0.5688 vlow accuracy
0 1.4517 vlow accuracy
1 0.6758 vlow accuracy
1 0.5734 vlow accuracy
1 0.8152 vlow accuracy
1 0.7069 vlow accuracy
1 0.5814 vlow accuracy
1 0.6431 vlow accuracy
1 0.4973 vlow accuracy
1 0.5776 vlow accuracy
1 0.4267 vlow accuracy
1 0.5435 vlow accuracy
1 0.6735 vlow accuracy
1 0.632 vlow accuracy
1 2.2117 vlow accuracy
1 0.7278 vlow accuracy
1 0.6845 vlow accuracy
1 0.7312 vlow accuracy
1 0.5978 vlow accuracy
1 0.6629 vlow accuracy
1 0.6032 vlow accuracy
1 0.7731 vlow accuracy
1 0.5948 vlow accuracy
1 0.7551 vlow accuracy
1 0.6973 vlow accuracy
1 1.2848 vlow accuracy
1 0.7936 vlow accuracy
1 1.1928 vlow accuracy
1 0.6368 vlow accuracy
1 0.5665 vlow accuracy
1 0.5535 vlow accuracy
1 0.6313 vlow accuracy
1 0.4968 vlow accuracy
1 0.6058 vlow accuracy
1 1.3443 vlow accuracy
1 0.5212 vlow accuracy
1 1.1648 vlow accuracy
1 0.5122 vlow accuracy
1 1.2173 vlow accuracy
1 1.5334 vlow accuracy
0 1.736 vlow accuracy
1 1.1402 vlow accuracy
1 0.4694 vlow accuracy
1 1.7037 vlow accuracy
1 0.6749 vlow accuracy
1 0.6243 vlow accuracy
1 1.1742 vlow accuracy
1 0.8594 vlow accuracy
1 0.6722 vlow accuracy
1 0.5841 vlow accuracy
1 0.5845 vlow accuracy
1 0.5453 vlow accuracy
1 0.747 vlow accuracy
1 0.5437 vlow accuracy
1 0.463 vlow accuracy
1 0.6037 vlow accuracy
1 0.5782 vlow accuracy
1 0.5998 vlow accuracy
1 0.6146 vlow accuracy
1 0.6106 vlow accuracy
1 0.5321 vlow accuracy
1 0.5984 vlow accuracy
1 0.739 vlow accuracy
1 0.759 vlow accuracy
1 0.9477 vlow accuracy
1 0.839 vlow accuracy
1 0.5057 vlow accuracy
1 0.4808 vlow accuracy
0 0.446 vlow accuracy
0 1.1649 nonword accuracy
1 0.6105 nonword accuracy
0 0.4425 nonword accuracy
1 0.6696 nonword accuracy
1 0.8615 nonword accuracy
1 0.6323 nonword accuracy
1 1.3891 nonword accuracy
1 0.4905 nonword accuracy
0 2.3513 nonword accuracy
1 0.8356 nonword accuracy
0 0.442 nonword accuracy
1 0.9485 nonword accuracy
1 0.586 nonword accuracy
0 2.0961 nonword accuracy
1 1.0782 nonword accuracy
1 0.4975 nonword accuracy
1 0.5112 nonword accuracy
0 0.5797 nonword accuracy
1 0.6804 nonword accuracy
1 0.4669 nonword accuracy
1 0.4741 nonword accuracy
1 0.9969 nonword accuracy
1 0.4402 nonword accuracy
0 1.6677 nonword accuracy
1 0.8757 nonword accuracy
1 2.2049 nonword accuracy
0 0.9393 nonword accuracy
1 1.7667 nonword accuracy
1 0.5897 nonword accuracy
1 0.675 nonword accuracy
1 0.5083 nonword accuracy
1 0.7591 nonword accuracy
1 0.7705 nonword accuracy
1 0.6074 nonword accuracy
1 0.9291 nonword accuracy
1 0.7941 nonword accuracy
1 1.4271 nonword accuracy
1 0.6407 nonword accuracy
1 0.8922 nonword accuracy
1 0.3717 nonword accuracy
1 0.8787 nonword accuracy
1 0.6711 nonword accuracy
1 0.7024 nonword accuracy
1 1.1108 nonword accuracy
1 0.4511 nonword accuracy
0 0.5536 nonword accuracy
1 0.5151 nonword accuracy
1 0.623 nonword accuracy
1 0.7884 nonword accuracy
0 1.644 nonword accuracy
1 0.9092 nonword accuracy
1 0.6919 nonword accuracy
1 1.0953 nonword accuracy
1 0.6871 nonword accuracy
1 0.8737 nonword accuracy
1 0.4888 nonword accuracy
1 0.5865 nonword accuracy
1 0.7055 nonword accuracy
1 0.5669 nonword accuracy
1 0.7683 nonword accuracy
0 0.6531 nonword accuracy
1 0.6286 nonword accuracy
0 0.5316 nonword accuracy
1 0.5948 nonword accuracy
0 0.5169 nonword accuracy
1 0.7402 nonword accuracy
1 1.2212 nonword accuracy
1 0.7062 nonword accuracy
0 0.4482 nonword accuracy
1 0.7565 nonword accuracy
1 0.6365 nonword accuracy
1 0.5875 nonword accuracy
1 0.65 nonword accuracy
1 1.1632 nonword accuracy
1 0.7449 nonword accuracy
0 0.5294 nonword accuracy
1 0.4678 nonword accuracy
1 0.5047 nonword accuracy
0 1.0474 nonword accuracy
1 0.5773 nonword accuracy
1 0.8706 nonword accuracy
1 1.2148 nonword accuracy
1 1.6362 nonword accuracy
1 1.1007 nonword accuracy
0 1.2285 nonword accuracy
1 0.4145 nonword accuracy
1 0.4296 nonword accuracy
0 0.5653 nonword accuracy
1 0.6879 nonword accuracy
1 0.3973 nonword accuracy
1 0.5896 nonword accuracy
0 0.5188 nonword accuracy
1 0.5534 nonword accuracy
1 0.4375 nonword accuracy
1 1.2287 nonword accuracy
1 1.5459 nonword accuracy
1 0.5927 nonword accuracy
1 0.5067 nonword accuracy
0 0.604 nonword accuracy
1 1.2787 nonword accuracy
0 3.4162 nonword accuracy
1 0.497 nonword accuracy
1 0.4514 nonword accuracy
1 1.7936 nonword accuracy
1 0.5229 nonword accuracy
1 0.5118 nonword accuracy
1 0.4849 nonword accuracy
1 0.6526 nonword accuracy
0 0.8048 nonword accuracy
1 0.841 nonword accuracy
1 0.7713 nonword accuracy
1 0.5387 nonword accuracy
0 1.9772 nonword accuracy
0 0.5226 nonword accuracy
1 1.0573 nonword accuracy
1 0.6036 nonword accuracy
0 0.6774 nonword accuracy
1 1.0589 nonword accuracy
1 0.8438 nonword accuracy
1 0.9203 nonword accuracy
1 1.8329 nonword accuracy
0 0.4151 nonword accuracy
1 0.541 nonword accuracy
1 0.5901 nonword accuracy
1 0.5271 nonword accuracy
1 0.9565 nonword accuracy
1 0.5068 nonword accuracy
1 0.8744 nonword accuracy
1 0.3883 nonword accuracy
1 0.5376 nonword accuracy
1 0.5648 nonword accuracy
1 0.5391 nonword accuracy
1 0.9368 nonword accuracy
1 0.4911 nonword accuracy
1 0.8292 nonword accuracy
1 0.4565 nonword accuracy
0 0.604 nonword accuracy
0 1.8371 nonword accuracy
1 0.7304 nonword accuracy
1 1.1819 nonword accuracy
1 1.2054 nonword accuracy
1 1.3079 nonword accuracy
1 0.4779 nonword accuracy
1 0.5375 nonword accuracy
1 0.4809 nonword accuracy
1 1.8364 nonword accuracy
0 0.5938 nonword accuracy
1 0.4144 nonword accuracy
1 0.8876 nonword accuracy
0 2.9763 nonword accuracy
1 0.7512 nonword accuracy
1 0.5096 nonword accuracy
1 0.5139 nonword accuracy
1 0.6234 nonword accuracy
1 0.5126 nonword accuracy
1 0.578 nonword accuracy
1 0.5001 nonword accuracy
1 0.58 nonword accuracy
1 1.3233 nonword accuracy
1 0.7381 nonword accuracy
0 0.8037 nonword accuracy
1 0.4441 nonword accuracy
0 1.0583 nonword accuracy
1 1.486 nonword accuracy
1 1.8728 nonword accuracy
0 0.6622 nonword accuracy
1 1.0298 nonword accuracy
1 0.563 nonword accuracy
0 0.9541 nonword accuracy
0 1.1352 nonword accuracy
1 0.564 nonword accuracy
1 0.9009 nonword accuracy
1 1.6446 nonword accuracy
1 0.7453 nonword accuracy
1 0.4656 nonword accuracy
1 0.5205 nonword accuracy
1 0.8222 nonword accuracy
0 1.387 nonword accuracy
1 2.2544 nonword accuracy
0 1.4274 nonword accuracy
1 2.3057 nonword accuracy
0 0.6374 nonword accuracy
1 0.5284 nonword accuracy
1 1.0323 nonword accuracy
1 0.9789 nonword accuracy
1 0.6835 nonword accuracy
1 0.605 nonword accuracy
0 0.5997 nonword accuracy
1 0.7152 nonword accuracy
0 0.977 nonword accuracy
1 1.2246 nonword accuracy
0 0.6825 nonword accuracy
1 0.6805 nonword accuracy
1 0.5032 nonword accuracy
1 0.5585 nonword accuracy
0 1.4144 nonword accuracy
0 0.6277 nonword accuracy
1 0.4456 nonword accuracy
0 0.5508 nonword accuracy
1 0.6617 nonword accuracy
1 0.7427 nonword accuracy
1 0.8644 nonword accuracy
1 0.4631 nonword accuracy
1 0.5441 nonword accuracy
1 0.7268 nonword accuracy
1 0.5167 nonword accuracy
1 1.1975 nonword accuracy
1 0.8982 nonword accuracy
1 0.5531 nonword accuracy
1 0.5586 nonword accuracy
1 1.3145 nonword accuracy
1 0.93 nonword accuracy
1 0.388 nonword accuracy
1 1.3924 nonword accuracy
1 0.5665 nonword accuracy
1 0.7337 nonword accuracy
1 0.4583 nonword accuracy
0 0.6064 nonword accuracy
1 0.8648 nonword accuracy
1 0.8768 nonword accuracy
0 1.4943 nonword accuracy
1 0.4973 nonword accuracy
0 0.8647 nonword accuracy
1 0.5417 nonword accuracy
1 0.5548 nonword accuracy
1 0.5472 nonword accuracy
1 0.6141 nonword accuracy
1 0.8438 nonword accuracy
1 0.907 nonword accuracy
0 0.654 nonword accuracy
1 0.7822 nonword accuracy
1 0.4423 nonword accuracy
1 0.7438 nonword accuracy
1 0.5897 nonword accuracy
1 1.3818 nonword accuracy
1 1.0097 nonword accuracy
0 0.5269 nonword accuracy
1 0.7876 nonword accuracy
1 0.4556 nonword accuracy
0 0.659 nonword accuracy
0 1.1974 nonword accuracy
1 0.4691 nonword accuracy
1 1.3334 nonword accuracy
1 1.0887 nonword accuracy
1 0.499 nonword accuracy
0 0.8413 nonword accuracy
1 0.609 nonword accuracy
1 1.6593 nonword accuracy
1 0.7675 nonword accuracy
1 0.8951 nonword accuracy
